x	y
800	4.139
800.001	4.13382
800.002	4.12864
800.003	4.12345
800.004	4.11825
800.005	4.11305
800.006	4.10784
800.007	4.10263
800.008	4.09742
800.009	4.0922
800.01	4.08697
800.011	4.08174
800.012	4.07651
800.013	4.07127
800.014	4.06602
800.015	4.06077
800.016	4.05552
800.017	4.05026
800.018	4.04499
800.019	4.03972
800.02	4.03444
800.021	4.02916
800.022	4.02387
800.023	4.01858
800.024	4.01328
800.025	4.00798
800.026	4.00267
800.027	3.99736
800.028	3.99204
800.029	3.98672
800.03	3.98139
800.031	3.97606
800.032	3.97072
800.033	3.96538
800.034	3.96003
800.035	3.95468
800.036	3.94932
800.037	3.94395
800.038	3.93859
800.039	3.93321
800.04	3.92783
800.041	3.92245
800.042	3.91706
800.043	3.91167
800.044	3.90627
800.045	3.90087
800.046	3.89547
800.047	3.89006
800.048	3.88464
800.049	3.87922
800.05	3.8738